10011011
00000110
00000001
00000010
00001010
00000001
00000110
00011011
00001001
00001001
00000010
00000001
00001010
00001001
00010110
00000100
00000111
00100011
00001000
00010111
00010111
00000001
00000100
00000010
00001110
00000101
00001000
00000111
00010010
00000000
00010011
00010100
00011110
00000010
00000101
00000101
00000011
00101100
00001001
01111101
00001110
00000101
00010010
00000100
00010011
00001001
01110010
00001011
00001011
00000100
00110100
00000111
00000011
00000010
00000011
00011011
00000001
00001001
00010000
00000111
00000000
00001101
00000101
00001110
00000101
00000111
00000010
00000111
00001111
11000101
00000001
00001101
00000111
00000011
00001001
01101101
00011100
00001010
00000100
00000010
00001000
00001010
00001010
00011101
00100011
00000101
00000101
00011011
00011110
00000011
00010001
00011100
00000110
00001001
00001001
00000110
00010111
00000011
00001100
00010111
00000001
00111110
00010011
00000001
00001101
00010110
00000011
00000110
00010110
00000011
00001010
11001101
00010111
00101000
00101011
00000100
00000100
00000111
00001111
00000001
00000110
00000110
00011001
00011000
00011011
00000000
00000001
00000110
00001001
00000110
00010111
00010110
00000101
01101101
00010100
11011110
00000100
00001000
00101110
00000001
00001111
00000000
00000101
00001110
00000100
00111101
00101100
00000110
00000101
00000100
00001010
00000000
00001000
11110010
00011000
10011101
00000110
00000100
00001001
00000000
00001011
00000110
00000110
00001110
00000111
00000000
00101111
00010110
01111000
00001001
00000101
00000101
00000111
00001101
00010011
00000100
00011001
00000101
00001010
00000011
00000101
00000101
00001110
00000011
00000111
00000011
00000101
00001010
00001011
00001110
00000011
00001010
00000000
00000011
01110010
01000000
00010001
00000111
00000011
00000111
00000000
00001010
00000101
00001010
00001000
00010110
00000111
00000011
00000010
00000110
00000000
00001110
00000000
00111000
01010000
00001100
00011111
00000001
00000101
00000011
00000100
00000100
00000010
01100101
00000010
00000011
00001010
10101110
00001100
00000110
00001111
00010010
00000011
00000101
00001010
00001000
00100100
00011001
01010110
00110100
00000100
00101101
00000101
00000011
00001010
00000111
00001001
00000111
01000010
00000111
00000111
00010001
00000111
00000011
00000101
00000000
00001010
00000110
00000111
00010000
00110000
00000100
00000010
00000000
00000101
00000101
00010100
00000110
00111101
00000001
00000000
00001111
00001000
00000010
00001110
00000100
00001100
00001100
00010101
00001010
00011000
00001000
00000011
00000000
00000000
00011011
00000001
00001111
00000000
01101011
00000101
00000010
00101100
00000110
00001100
00000100
00000011
00101011
00001010
00000100
00000011
00001001
00000011
00000010
00110101
00010111
00000111
00000000
00011111
00001011
00000001
01111101
00001000
00001000
00011001
10001001
00010000
00001011
00001001
00001000
00010110
00011010
00001001
00011001
00000000
00000110
00000100
00010010
01101100
00000000
11101011
00000111
00000000
00000101
00001011
00001010
00100010
00000110
00000110
00000111
00000000
00001001
00000101
00001110
00010100
00001000
00001001
00010101
00000101
00001001
00000010
00001111
00000001
01110111
00111101
00001000
00001011
00000011
00001110
00001011
00000011
00000001
00000110
00000011
00000111
00001001
00000000
01110110
00001100
00001110
00100011
00000001
00001011
00001000
00000011
00010000
00001010
00000111
00000101
00000010
00000011
00000011
00000011
00000111
00000001
00000001
00011111
00010110
00001110
00010100
00001011
00000110
00000111
00000010
00001101
00001100
00000101
00001101
00000111
00011000
00000011
00000011
00001001
00000110
00100100
00011000
00000101
00000000
00000000
00000000
00011110
00000111
00000111
00000100
10100001
00001011
00000011
00001000
00001000
00001010
00000101
00000001
00010000
00011111
00000110
00000110
00001001
00010010
00001001
00001000
00111010
00001000
00000111
00000101
00000110
00010001
00000001
01110001
00000000
00010000
00001100
00001001
00001110
00001000
00000100
00011011
00000010
00000001
00011000
00111110
00000111
00001110
00000010
00001000
11001011
00000100
00000100
00001100
00000010
00001000
00010111
00000110
00000111
00000101
00010000
00000000
00010001
00000100
00000011
01010100
00000000
00000111
00000110
00001000
00001011
11000010
00000111
00000011
00000011
00001111
01110100
00011001
00000011
00000100
00000010
00001001
00000011
00000001
00000100
00101111
00001101
00001000
00100010
00001000
00000100
00010111
00000000
00001111
00000010
00000110
00001000
00010110
00000101
01000001
00001010
00001011
00000100
00000010
01101100
00101100
00001000
00110101
00000000
00001001
00001001
00000111
00000111
00000001
00000011
00000100
00010001
00110110
00000110
00001000
00001010
00010010
00000000
00000010
00000001
00001101
00001111
00010100
00001000
00000000
00011111
00000010
00001010
00000111
00010001
00001110
00000001
00001001
00000001
00010101
00000000
00000110
00001001
00000100
00000001
01011011
00010011
00000011
00000010
00001011
00001001
00010110
01000000
00001000
00000011
00000110
00010111
00010011
00000011
00000101
00000100
00000001
00000111
00000100
00010000
00000100
00001000
00000111
00011000
00000111
00000011
00000100
00000100
00010011
00000000
00000110
00000001
00001010
00000011
00000100
00000101
00000100
00000100
00000101
00000110
00001010
00001011
00001110
00000110
00000011
00000011
00001100
00000101
00011000
00000100
00000100
00011100
00000000
00011010
00011001
00000110
00000000
00000100
00000100
00010001
00001011
00001011
10110111
00000101
00000000
00011011
00000111
01000000
00000010
00000000
00001000
00000110
00000100
00010000
00001100
00010011
00001100
00011000
00000110
00001010
00111110
00000111
00000100
00000110
01001011
00000101
00000010
00001001
00000110
00000011
00000000
00001111
00000011
00001001
00001000
00001011
00000010
00000010
00001010
00001001
00000011
00001011
00101001
00001001
00000011
00000100
00000001
00000101
01010100
00000110
00000000
00000111
00000110
00011111
00010000
00000100
00000001
00000101
00000101
00000100
00001001
00010010
00000111
00000010
00001010
00000001
00001000
00000001
00000101
00000001
00000010
00000111
00001000
00000010
01010010
00000011
00000100
00000101
00100110
00000000
00000110
00000001
00110001
00000110
00000001
00110101
00000001
00001010
00000011
00000010
00001110
00000110
00010010
00001111
00000010
00000011
00001011
00000110
00001100
00100010
00000010
00010001
00001110
00000001
01000110
00010101
00000101
00000001
00001111
00010001
00000011
00001100
00100100
00000010
00000010
00001000
00001001
00011100
00010011
00010111
00000000
00001011
00001001
00000101
00000001
00010110
00001011
00000000
00000111
00001000
00000001
00000011
00001000
00000111
00000000
00011100
00000000
00010000
00000110
00000101
00000000
00010000
00000100
00001001
00000110
00001111
00010010
00000101
00000011
00001101
00010001
00010010
00000110
00001010
00001001
00000000
00000000
00100010
00000000
00001010
00000110
00011010
00001011
00001011
00000011
00001000
00001100
00001000
11111110
00001001
00000100
00000100
00010010
00000001
00010111
00000000
00001011
00101100
00001011
00000100
00000011
00000001
00000101
00000110
00000111
00001000
00010111
00001001
00000111
00000110
00001101
00001101
00011100
00011011
00000101
00000011
00001000
00001011
00111111
00000001
00011010
00010000
00000101
00000001
00000001
00010001
00000101
00001001
00001000
00000000
00000000
00101100
00100010
00101101
00000100
00010010
00000011
00000101
00000110
00000100
00100000
00010100
11110001
00100100
00010001
00000110
00100000
00001000
00000100
00000010
00001000
00000100
00001001
00001111
00011000
00001011
00000110
00001011
00110101
01001101
01001000
00000111
00001001
00001000
00010001
00001001
00000011
00000010
00001000
00101101
00000100
00000010
00000111
00010101
00000110
00000110
00000001
00001000
00001001
00001000
00000010
00000111
00010011
00000110
00001101
00100010
00000101
00000100
00011010
00001110
00000111
00001111
00000111
00000111
00001110
00011101
00000110
00001000
00000100
00001010
00000011
00000100
01010001
00100100
00011101
00000000
00001010
00000001
00000011
00000100
01101011
00000011
00001100
00011101
00001001
00000110
00001000
00001010
01111101
00001111
00001011
00001001
00000110
00000000
00000010
00001001
00001001
00000111
00001001
00000001
00000000
00000100
00000100
00000111
00000110
00000000
00101101
00100011
00001100
00001000
00000000
00001011
00000011
00000110
00000101
00010010
00000110
00000010
00000110
00000111
00000000
00011001
10011010
00000011
11110101
00000011
00000110
00001010
00010110
00001111
00001000
00000000
00001001
00000011
00000100
00000101
00010010
00010011
00011010
00001001
00000110
00000101
00000111
00101001
00000110
00000011
00000001
00001100
00001100
00000010
00000111
00000001
00000111
00001010
00000110
00001001
00010110
00100000
00000110
00000110
00000000
00001000
00000011
00000100
00000110
00001001
00000110
00000011
00000001
00000011
00000000
00000011
00000001
00000000
00100001
00000100
00001110
00010000
00010100
00000111
00011000
