10011011
10111011
00100011
01010000
11111111
00100000
00101101
11000000
10101001
11001000
00011000
00001110
11110110
10011101
00010110
10001111
10011101
11110110
10010011
01011111
01110011
00110011
10010001
00110001
10010101
01111001
10000100
11010010
10111011
00010001
10101100
10100100
11010011
00110100
10011110
10011110
01001101
11011111
10010110
11111011
01110001
00100000
10000010
01101110
11101010
10110101
11100100
10010110
10100011
01010111
11010010
01001110
01001110
00110011
01000011
10100110
00100111
01100011
10100101
11011001
00010000
01101010
01010101
10111000
01111001
11001100
00010111
11011111
11000110
11000101
00010000
10011000
11001010
01000110
01011110
11011010
10101101
11000001
01101010
01010010
01011111
01000110
10101101
10010100
11111000
01101010
01010100
11110111
11010011
01001110
11010010
10001110
10110111
11100001
01111110
10000011
10100110
01010111
10011111
01110110
00011111
11111010
01110011
00011110
11010001
00101100
00111011
10110100
10110111
00100101
01100100
11001101
11001111
11001011
11011011
01001011
00101000
10101111
10111011
00100101
01000100
01100001
10000000
10101000
11000000
00010001
00110110
10101100
11100101
11000011
11010001
10011100
10010111
11011010
10100001
11011110
01101010
10101000
11100111
00010100
10101110
00010101
00110101
11010110
10000101
10111000
11011100
11000100
10101101
10001110
11001011
00000101
01101000
11110010
11110001
10011101
10111100
00100000
10011100
00001111
10011000
01101101
01101010
11011111
11000011
00000100
10111110
11100101
11110000
00010010
10100111
01100001
01101100
10001001
10011011
01100110
01001101
10101011
10010110
00111101
01111011
00110001
11111110
01000100
11001010
01110010
10110011
10011000
10111101
10111111
01001010
01010111
00000001
01101110
11100100
11000001
01010110
00010101
01000101
10100001
00000010
00101011
01110110
11101111
11100000
01000011
10100110
01000101
00111111
10100000
00000111
11101111
00010111
11100000
01010000
01100001
10011101
00100111
01001010
01100010
01100000
01010010
00111000
11001011
00110101
00111001
11011010
10101110
00111100
10000110
01111010
10010011
01100011
01111011
11010001
11010011
11111111
11111100
10101101
01101000
10000010
11100011
01100110
00110010
11100110
10011110
11011011
01110001
11000111
11110001
10110001
11111000
10001001
00100101
10000101
00001111
11000011
00100100
10001011
11000100
10010001
00110110
00100011
00001010
10100111
10000101
10100001
10101101
00111101
00100000
00010010
00101110
11010101
00100000
01110001
01111100
10100101
11100001
11000001
10101100
11011110
10101001
01010000
00010101
00000010
11110011
00110000
11111001
00010011
11010110
01001010
01001011
11011100
01101101
00111101
10010100
01010101
11011010
11110011
10001010
00110011
00101101
00101100
01000001
11010110
01110111
00111101
00001011
10111010
01101010
00011111
11111010
01111000
11000011
11111101
10001001
10110010
11111010
11101111
10110100
11001101
10000101
10100000
10011001
00000011
01100100
01101000
10111101
01101100
00001000
11101011
11010000
00000111
01011011
01011111
01111110
11110100
00100000
01100001
00111111
00001111
10100101
01011010
10101111
10100000
01100010
11100010
11010010
10001101
10000110
00100011
10001001
00101000
01110111
00111101
00110010
01010011
00101101
10101010
11000001
00111111
00011010
10001001
01010001
10111010
10100101
00000011
11101101
01100010
00111011
10110010
00011001
00001011
11010000
01100101
00100001
10001110
11100100
00101111
01000000
01110001
00011100
01000111
10010111
00011111
00100011
11111111
11100001
11010001
11100100
01010010
00101101
10100101
01000111
11101011
01001010
01100011
11101100
10001111
10101110
00111111
01001111
10111111
10101010
11111110
01111001
00010001
00010010
00001101
00000110
10010110
01000101
01100111
01110010
10100001
11000011
01011001
10011011
11001101
01111110
01110000
00011111
11101010
01111111
01010111
11000101
11111101
10010010
11100101
10011000
11101001
10000101
00111001
10100111
00110111
10001111
00011101
01110001
00000100
10100100
01110011
11101011
01001001
11110001
00101010
10001011
01011000
00100110
01111011
00111110
10111101
01110011
00101010
10101010
11001011
01011001
01101010
10101101
00101110
11111001
11111110
11001010
00111101
01101101
10010100
00000010
01010110
00110100
01101100
11111100
00001100
10110101
10011001
11100000
10110001
11000010
10111101
01101010
01101100
11000101
01110100
11001011
01001100
00100000
01010001
00111111
01011010
00010101
00111110
10111110
11100100
11011110
10101010
11100010
01010110
11010000
00000001
11011111
00110101
10011110
11010011
00101100
01011011
01000001
01001010
01110100
01110100
00100000
11011001
10110000
11100001
10100001
00001010
01100010
10101110
10001110
11001011
00101111
00111000
10000011
01000110
11011000
10001010
11101000
10111000
10010110
00001011
00011000
00011011
11100110
10001001
00101001
10001011
00010001
01111110
00111011
11111011
10110000
10100001
10000110
00100011
00111001
00110001
11011000
00001111
01110010
10100100
01111011
00001110
10110110
11111110
01000101
00110100
11011100
11010000
10110001
11000010
10010010
00111010
01011011
01011100
11000101
01110100
01111110
01100010
00010101
10000101
01111110
10110110
00110100
11010011
10100101
11011010
10101110
01010001
00100000
10001001
00111010
00000001
10110100
00010010
01000001
00010111
10001001
00101110
01110011
00111001
01110101
10110110
11011010
11110001
10101010
00100000
00111100
00110001
00111110
00011010
11000001
01011010
01110110
10101011
00010110
10011110
10011000
01000100
00000010
00100000
01100010
11110110
10011111
10110010
10110111
00100100
00000010
01010001
11000110
11000000
00110001
00001010
11111011
10001111
01111110
10010100
10001001
10011100
11000111
11000010
10001001
11100111
00111110
11110000
01000110
00100110
01001011
10010110
00111001
01101011
01001101
01100111
00000101
11101001
01010111
10001110
01110100
11011110
00011100
00001101
11100010
10110010
01101011
01000010
11001111
10011111
01001110
00100101
00001010
00000101
11111100
10111011
00000110
10001000
01100010
11011010
10111010
10011001
00101100
10011100
10110011
01101111
10110110
01011011
11100101
01000001
11111010
00110001
11101100
00011001
10101011
00111101
00100111
01001111
11001010
00100001
11111000
01011000
01000010
01011110
10111111
00001000
10110100
00011101
11000110
01010010
00011001
10011111
00010001
10111001
00111110
00111110
10111001
01100101
10110101
01001110
01000010
00011111
10011000
10111011
11111001
11001100
00110100
11011111
11101101
00010110
11010100
10000001
01010001
00100110
11001111
01011000
00100111
10111011
01001001
00100010
00100101
11000101
10111101
11001000
10111110
11111101
00010010
10111111
11101110
10011110
00000101
01011000
00101101
00001111
01110100
01110001
00100111
01001011
00110011
11010101
00000111
11001000
00010100
00100001
01011011
01110000
00000101
11100110
01110011
01100110
00111011
11101001
10110111
01011110
00101001
01000100
11010011
01011110
11000011
10101101
10111111
00001110
00001101
11001101
00010110
11001000
01101010
11110010
11100011
11111100
01010010
11100010
11110000
11001000
11111110
01001110
10001011
01110011
01101111
00010011
11010000
00010000
11001010
10110011
10111111
10001000
01011100
00110111
00010101
10110000
11000100
11100000
11101000
10010010
00011100
10111110
11110011
01110101
10001111
11110111
01101010
01000100
11000000
10001100
11111110
00101100
11010101
01110011
10011111
00100111
00011011
10101111
10010111
10111001
11000101
00000001
00010010
10000100
01100111
10110111
00110101
10100110
00110101
10011111
10100110
01101111
10100000
00101000
11110001
01001001
01100110
01001010
11100000
10101011
00101001
01000100
00111001
01111011
01111001
11111011
10101011
01000100
10001001
10000011
11010100
11100111
11011001
01011110
10000000
11010010
11000000
01011111
00101111
00011100
11010100
11100011
01011100
01001110
10100101
11010010
11000110
10001110
00001110
11110100
10111010
10111100
01001111
10011100
11111011
10101110
11011010
11110001
10100000
10001010
10000101
00001110
11100111
10011001
11001011
10001110
11001101
10010001
11000011
11010101
01010111
01110110
01100001
00111100
10100011
10010010
11101100
00001000
11001001
00111010
00101101
00101101
01101011
00011110
01100101
01011000
10000111
01101111
10001001
11000100
11111010
10001100
11100111
11100001
10010000
00000000
00111100
01100110
11100010
11000001
10101100
00101100
00000000
00100010
10000001
01101000
10111011
00000111
10110110
11010111
11011101
11000101
00010100
10111101
01000110
10101110
10100011
11100011
10000100
01000101
01100001
11000110
00001010
01111101
10011010
00111100
11110101
00111110
11001101
11110000
11001100
11011000
10110110
00001000
01111100
00101011
10001010
01100011
10000000
01100000
11010000
11001010
01100111
01100100
01001111
11110110
10011010
01000100
00011101
00111100
11000011
00101010
10110010
00011110
01110101
11110000
10010000
11100100
11001000
11100011
00100111
10111101
00000000
01101011
01011111
01101000
11000001
01001110
10111110
01101000
00011101
01000000
00000011
01011100
00001110
00001000
11000110
01110001
01100011
01100000
11001011
11011110
11011100
